hex lattice:
  size 1:     1 shapes,   1 nakade
      ((0, 0, 0),)
  size 2:     1 shapes,   1 nakade
      ((0, 0, 0), (0, 1, -1))
  size 3:     3 shapes,   3 nakade
      ((0, 0, 0), (0, 1, -1), (0, 2, -2))
      ((0, 0, 0), (0, 1, -1), (1, -1, 0))
      ((0, 0, 0), (0, 1, -1), (1, 0, -1))
  size 4:     7 shapes,   3 nakade
      ((0, 0, 0), (0, 1, -1), (0, 2, -2), (1, 0, -1))
      ((0, 0, 0), (0, 1, -1), (1, -1, 0), (1, 0, -1))
      ((0, 0, 0), (1, -2, 1), (1, -1, 0), (2, -1, -1))
  size 5:    22 shapes,   4 nakade
      ((0, 0, 0), (0, 1, -1), (0, 2, -2), (1, -1, 0), (1, 0, -1))
      ((0, 0, 0), (0, 1, -1), (0, 2, -2), (1, 0, -1), (1, 1, -2))
      ((0, 0, 0), (0, 1, -1), (1, -1, 0), (1, 0, -1), (2, 0, -2))
      ((0, 0, 0), (0, 1, -1), (1, 0, -1), (2, -1, -1), (2, 0, -2))
  size 6:    82 shapes,   5 nakade
      ((0, 0, 0), (0, 1, -1), (0, 2, -2), (1, -1, 0), (1, 0, -1), (1, 1, -2))
      ((0, 0, 0), (0, 1, -1), (0, 2, -2), (1, 0, -1), (1, 1, -2), (2, -1, -1))
      ((0, 0, 0), (0, 1, -1), (0, 2, -2), (1, 0, -1), (1, 1, -2), (2, 0, -2))
      ((0, 0, 0), (0, 1, -1), (1, -2, 1), (1, -1, 0), (1, 0, -1), (2, -2, 0))
      ((0, 0, 0), (0, 1, -1), (1, -1, 0), (1, 0, -1), (1, 1, -2), (2, -1, -1))
  size 7:   333 shapes,   3 nakade
      ((0, 0, 0), (0, 1, -1), (0, 2, -2), (1, -1, 0), (1, 0, -1), (1, 1, -2), (2, -1, -1))
      ((0, 0, 0), (0, 1, -1), (0, 2, -2), (1, -1, 0), (1, 0, -1), (1, 1, -2), (2, 0, -2))
      ((0, 0, 0), (0, 1, -1), (1, -1, 0), (1, 0, -1), (1, 1, -2), (2, -1, -1), (2, 0, -2))
  size 8:  1448 shapes,   1 nakade
      ((0, 0, 0), (0, 1, -1), (0, 2, -2), (1, -1, 0), (1, 0, -1), (1, 1, -2), (2, -1, -1), (2, 0, -2))
